23800
2331
10961
21427
13879
1568
16193
22238
6709
2692
5520
22722
6719
11313
20763
18304
7908
14944
4089
15479
17798
24624
7471
740
18092
12248
24475
5485
3496
24013
24380
14947
2966
15695
4623
19058
24707
15243
15397
5024
148
24858
23875
9148
19163
2876
20585
8146
22134
5718
11573
8089
195
676
1566
3721
10421
9806
10406
845
14509
24981
12177
15674
1335
17975
22432
10168
17043
20430
732
4538
14381
23036
14369
10180
24797
759
22299
481
12395
23726
4362
8756
6856
5823
23070
18304
12968
4733
8470
23040
7627
2299
17881
22552
7046
3807
15572
12734
2448
7219
22443
21862
24549
9113
12058
9336
22215
22091
8916
14423
17403
16917
20786
18111
20461
11934
5183
8553
10734
17425
17066
2845
11060
883
19453
7791
24785
22373
11659
16910
8065
21577
11763
19903
18552
8550
14327
7996
15892
22778
10344
8619
21393
8771
18852
10380
21851
186
1433
6383
14949
17065
4066
1286
24517
13005
7650
11797
22672
19608
15654
5082
18988
2510
21406
20441
13065
4170
7895
9227
3085
17121
3499
6361
15375
24358
15124
21475
7994
16915
3553
24182
9275
18565
22632
19749
4802
20398
2215
2775
3179
22546
10097
12889
11140
6922
17468
1443
4828
11136
15633
14861
23888
23347
12507
3129
11854
14404
15267
6706
9352
12583
15238
22310
19251
10939
23586
5278
502
23795
17821
10297
18739
1139
48
17607
14665
10704
8524
8494
22615
23280
20385
15518
21911
11411
24105
24980
8138
21289
2845
3516
23691
1351
24142
9854
2174
12999
22289
10592
19748
14279
8173
22523
4529
14717
21013
11374
189
19416
1130
3468
4829
17592
21627
15406
20205
20243
19011
7406
17835
10739
16042
6381
15489
18536
5915
15780
3823
11050
7732
23917
13005
19792
15928
16411
23143
16265
24650
24000
6732
23188
17357
21045
11397
14620
5756
9012
205
12194
8811
19061
23543
21155
4787
6024
9788
8314
19108
3709
20359
7407
21655
16629
14595
12525
13968
2893
5566
13190
21720
2079
13968
24651
20541
24225
11790
11873
21642
6551
7330
9602
17768
398
9458
1239
3212
6171
23434
17049
16041
10313
665
600
10982
2102
24172
3047
20411
18557
12413
16485
6026
24343
3333
12603
1217
2568
1281
23122
2640
8568
6153
8475
6365
4393
7319
18321
1069
14265
24834
2530
3647
7921
2219
21181
6658
22821
9482
12619
13433
19649
10284
24670
4310
5569
18754
4624
9312
4600
17673
20995
20703
23409
19706
12215
11831
11475
5842
8716
11891
3420
21795
15876
6913
12019
13508
4105
10238
2616
5695
19762
16249
18143
8151
5381
13007
4504
2744
4307
4219
9690
17186
5579
779
7739
23199
7516
14330
19964
4629
20514
8407
6095
3304
10074
15861
15275
6548
4990
8164
1549
13008
16641
15594
2267
10756
17646
16662
13804
3454
1831
23619
18040
11650
12521
5975
1200
21262
21346
7123
6551
1392
24911
20778
24336
589
20685
1503
18739
24141
17338
23592
24813
11297
5908
3757
21990
4611
20530
7021
22334
11335
13925
3643
10598
20240
13663
14061
13525
7791
1198
13208
5280
24130
20724
70
881
13803
24104
23223
12888
24527
24792
20682
486
2331
13338
10138
15824
1556
22814
21535
13930
16898
24369
21470
14905
14727
13252
6630
1991
10266
23959
12502
24954
6433
5189
6869
9785
5053
24530
1527
24541
20290
5933
5884
17025
4593
11010
22439
1619
17299
23318
14153
8143
1908
13041
12017
15509
4836
24394
10411
16646
19365
7125
13156
20587
18850
938
12001
5883
16571
11624
12498
17708
8943
28
5789
17745
18843
1909
12335
16737
9778
7574
1415
14755
13210
832
1433
4746
20964
18976
1148
7628
23446
7996
13630
7680
9329
13567
16803
2362
4146
1029
6129
9513
16332
9734
3928
6965
22027
9946
20234
14644
5938
12064
24734
12782
19166
19132
16258
20204
8036
6617
19273
13063
19812
21987
17837
24887
18848
3652
8258
7886
11542
3225
1333
20888
19900
22832
7835
927
20619
15654
4378
14482
14420
847
17889
5108
19483
12703
8223
904
13799
19543
10096
21898
4948
22353
24236
22612
373
22454
12140
12697
4531
14932
24752
1837
21537
954
21280
18172
12113
10296
18527
23733
19437
13020
9277
18408
12297
2585
23519
10627
1858
24713
8737
11528
7011
751
23189
22074
5306
18141
15737
9513
17555
24335
765
9645
19542
9639
2178
6390
24448
11624
9584
22952
2488
8969
7238
16167
5119
8728
11476
16568
1948
14025
10351
12488
18217
16933
11658
5319
13752
15639
20304
23292
18034
10483
12800
12268
8938
22701
398
22071
639
24729
23602
8122
19
2833
21818
4517
12591
13522
11493
3715
5524
24296
8925
22962
15814
17505
20486
19232
6160
21866
11672
10360
11864
7233
20968
3814
17239
1816
7305
15343
6483
15010
3493
19572
6834
14152
19108
20063
4471
2550
21082
20450
13871
1723
21985
9883
13916
19903
7881
1052
8968
14892
14788
11087
3822
252
8882
11526
21932
24097
10573
16878
15041
10628
1469
2036
20096
366
10474
22441
23572
15962
19845
3871
837
7588
5233
23247
21228
12297
22799
18149
16760
5473
9430
11150
13892
2699
1157
5505
2562
102
23082
17583
18992
7124
5449
7190
8226
24717
11116
2883
9290
16256
3783
4162
24512
261
16806
21892
22360
3382
11290
3835
12870
14822
17943
8459
4204
18282
7189
6040
19900
6722
20853
14257
6755
8946
16208
20098
3141
9449
11350
20750
7365
16742
9749
23682
4090
2694
7997
21486
7858
13618
18038
3244
23881
15728
13356
20303
7516
22944
18017
23131
6161
393
22052
9967
2347
4456
24471
4561
600
11681
10787
1046
21085
17484
22665
3951
2995
6120
9784
456
5131
15430
16402
1016
8143
10401
4337
4168
10920
6445
12501
10840
13172
17097
11729
2912
14851
23068
19710
13419
5537
9699
8392
3721
5672
10530
23380
1995
6166
24350
23645
16482
24786
19020
14400
854
12716
1046
19418
16889
5570
13747
7246
11392
3315
7305
15781
6022
6391
16311
910
19428
17979
2610
17280
8749
4702
14810
6124
14465
737
8832
10262
18337
10866
3018
16598
19023
1777
23022
17374
11804
18631
24848
8119
23442
6298
24930
11609
13724
24623
16592
12911
22149
1862
24184
16737
5517
1121
10439
13474
5837
14238
15110
533
11711
23783
7237
12948
13352
5220
24047
21153
1203
23146
18754
18153
19236
14596
12206
5220
22333
8213
13842
11991
12203
2681
20270
11727
3575
21299
19506
20773
7091
23129
1055
4957
6832
18575
18318
10699
16663
18281
17827
7806
9158
13149
22478
3534
19964
613
1811
8633
16109
24669
24371
20064
18762
7259
788
4203
22197
921
12539
12508
14910
13413
15949
19628
11567
22263
9487
13840
8342
20267
1171
7794
16642
525
18222
15130
12255
11428
20824
16089
4106
23416
11197
11015
4693
3114
10586
24413
20209
4800
16540
6933
18487
17281
21552
8297
9816
22604
15297
5590
16396
1559
21530
9027
20616
4474
22473
14177
14940
16489
19405
12095
9805
1946
10610
5058
4197
10141
19859
11737
14372
6658
4070
78
3425
15396
20102
15107
22577
7954
3978
23014
17909
22097
20416
13033
569
15049
8684
19342
7677
24282
21662
10232
23760
5456
7687
8349
2235
11506
12363
403
22685
19507
15049
20718
4388
16233
7710
9957
1807
22068
7598
19381
3133
1385
23316
21552
2786
10607
24469
14370
14565
18317
19248
3007
21390
5825
8223
9789
24575
14911
12098
21784
21733
3659
826
5777
22674
900
19052
2837
14592
8724
18830
4571
11108
15031
2927
5119
16894
5333
7223
10251
3500
5227
18837
2477
3408
11517
15992
4667
107
3278
1318
16090
3812
10715
3460
8126
4880
5562
15288
18920
220
2776
4422
23007
10754
1356
2673
3125
22349
514
11298
19314
14120
21772
13334
13932
21535
1102
3626
6971
13417
11495
16675
12530
23133
22706
18946
16046
13375
14320
1089
16633
23828
18259
20602
21509
20400
9322
9775
6017
175
21492
7905
2155
5070
14469
12542
21080
17364
81
10615
3252
24970
6143
11327
15172
3745
14373
21046
24383
22533
13212
20628
13262
24296
12786
6433
18135
13239
24849
15108
1490
5278
21746
13206
17059
21604
1596
8673
1683
3060
16157
21644
23453
1232
2728
3168
16692
18089
10278
9823
12935
5437
2814
23845
23433
18750
22743
6779
15985
14317
24671
23670
23838
10844
7580
9898
23277
12934
8831
16509
7462
21562
22702
22066
13856
21887
19178
15621
6157
771
5973
12603
15925
4039
1208
19117
21638
5852
20048
9703
22495
14145
7382
618
15149
22014
11736
21355
24089
6664
24348
1814
3004
18061
13773
19490
18742
5216
1533
19083
22901
7210
13326
16286
12598
8101
1589
22268
4969
9700
12214
648
8521
7872
9702
6482
15246
23045
13554
5990
3082
18210
14899
16317
7032
22587
24795
11105
19815
9366
16435
19863
24123
24426
5394
16927
22326
419
13266
24925
14868
4549
6548
19706
9371
23452
3684
8493
13231
18038
10207
5908
689
3967
12638
6069
11049
17947
11644
6598
22248
5759
4710
6233
7851
21497
6580
3799
19489
9574
11565
8157
13091
16684
19668
18798
8212
4883
16600
8369
4188
5146
20348
7507
14739
9183
19223
22590
528
13356
4751
24969
9878
12306
18938
10318
14082
22610
13038
15354
21082
6383
16668
1161
4849
4539
11714
6649
15625
17561
14900
10263
5010
652
13498
22868
5173
22407
6284
1515
15598
11852
23461
6616
13679
15000
7534
7127
1143
2158
5830
18628
13683
6405
12819
12921
21057
10578
12831
462
12990
15451
14348
24020
8405
18699
10365
7495
11239
13349
12818
11917
21952
466
23461
6824
14090
20722
6714
929
10957
22448
2180
856
19897
2501
8254
20851
18670
23465
10233
11490
3098
4932
23280
9316
1627
4036
21400
16417
8899
5356
7200
16327
24567
18144
8656
14767
21559
24642
16918
24305
17502
12245
4499
3513
6794
20376
6729
8832
73
17371
23983
19275
16229
17593
11919
1439
6845
3392
6343
346
1427
16194
5350
23715
23550
17306
11719
2064
4538
3623
14201
20361
21854
9001
21704
8660
14729
1800
5114
2728
23271
15406
9230
13039
3447
18960
1864
5295
3458
22914
4586
8456
19151
10783
3201
20020
16883
5207
19122
14509
12424
4038
9953
15373
17551
5735
9220
14733
15779
14793
24175
3054
3708
17080
23431
16077
16255
8760
17845
5186
23911
7931
3828
12812
15038
17602
22800
6190
20821
15188
4293
8838
17602
24542
14104
10647
14178
1817
17452
18299
9896
2310
17838
3257
6394
13428
16038
29
22813
8756
18310
4923
23842
5115
10194
12270
19787
20357
21058
6850
18670
11877
17191
4957
23630
24861
21795
20581
20788
14935
3188
23813
11521
16293
7665
17905
9783
10003
10064
11055
16267
68
21808
1778
10344
14982
10973
2868
2267
18689
21416
22103
14311
3776
5652
970
7846
24730
15488
2757
11589
20410
7353
24946
15555
13232
19403
970
2364
24739
13525
3105
13020
8125
3209
10944
8722
12612
15572
18450
363
9384
3591
24903
13058
22477
7151
2613
5764
6268
13766
9081
13070
7926
19926
20324
23503
8983
19012
16105
2396
4151
2152
11750
10777
5590
7942
13936
17731
19049
16218
12687
7679
12288
5538
9310
17355
15577
11311
19932
4268
7881
9486
19416
10953
11220
6087
7327
3380
23459
8051
13177
24409
24769
14951
8776
17611
4070
1367
22642
4887
17568
13595
3264
4368
15393
15120
757
14766
3834
17610
1482
6001
6226
22560
21509
8929
7819
23613
2758
16990
4133
23642
1996
5910
21175
404
8894
14642
3750
2065
24890
9385
15821
20328
2462
10774
5762
4731
22361
18780
8572
18849
5032
12363
2305
4845
14313
22683
21454
17061
1016
6251
8031
6673
6227
10819
14789
21737
1202
6117
11507
17477
7679
18142
23465
23024
5893
20892
20712
24587
7324
15854
24416
22892
14991
19149
2064
2191
19522
12980
3166
16330
330
11194
276
17820
23714
9897
10521
2237
16930
10991
22074
9992
6570
21034
5747
380
22419
15803
1506
9268
11323
12115
24534
22858
18386
7591
21257
11037
19207
16456
9130
23683
11020
9513
7638
23873
24627
17833
24143
7256
24907
11980
20776
5590
16828
1576
10768
9374
22532
5793
834
216
647
796
551
458
6432
11864
16534
8786
13618
4508
6063
10536
14594
13902
9314
1939
11721
15115
961
6463
13670
13154
16512
19679
24692
3171
18382
2231
24759
15407
2928
18770
15672
6253
22633
6898
6423
17265
11049
14815
19644
8174
15222
1447
4798
17925
3951
16144
15404
14622
22287
24398
7985
16596
8086
4051
12542
19723
8891
19195
3903
16997
2870
15614
18737
4034
14631
3139
23381
20543
7238
16498
5433
18997
24460
5867
6824
6734
8255
1191
24220
7406
13508
4121
23571
20206
7824
13386
23855
24041
12892
15047
18255
15509
16820
18678
14092
3287
5893
2851
23894
20750
14174
18759
10875
3398
16570
665
18851
20197
10652
7301
14569
17660
22197
8643
12066
17154
17490
24054
11627
6887
17826
8426
942
15667
4069
17494
13360
20533
1310
15443
6835
16589
17576
7397
17103
4172
398
24734
5767
24715
16832
8700
686
13283
20732
20434
4040
22049
17777
4426
6393
4712
2576
2641
15215
7639
5130
19108
24949
12396
18671
10983
6752
21251
9496
10509
7384
23816
2660
21352
8446
18352
868
319
1316
9587
13352
6335
13757
20825
17133
17850
603
5279
3552
11249
16262
9190
24913
19318
16123
21678
13798
2408
17062
22551
20523
23950
3589
12720
24102
10833
12811
9782
1425
24375
2330
911
16637
6953
8803
5533
4904
24144
1351
23826
13866
14222
16043
23616
10848
4805
13263
11562
11212
24117
2037
9836
9962
1309
5735
23170
23722
21489
952
12959
5865
14201
12887
2937
17294
8263
20979
10033
15417
13346
8230
18351
286
14707
13515
2524
3377
11336
3767
2307
22895
16665
4444
14816
1923
3162
5500
43
9555
11693
11435
7721
8532
19719
17321
14071
10762
2975
16892
15857
13586
391
7457
23733
4933
389
17011
22214
9043
14267
8362
3149
16644
6195
7260
19342
20232
17264
2065
15829
1755
14104
23275
20305
7275
15935
14010
15792
9600
17305
4543
14731
11508
10411
493
649
13707
12203
1526
14725
23364
14683
2245
14803
20741
5356
18059
172
9637
505
15511
10035
7516
13388
18721
18971
6443
21403
4181
1521
6938
14411
2936
3118
22105
12402
6060
10734
15583
24676
20278
17063
15668
14063
21634
2144
9207
14417
4338
2342
4108
6507
12688
5586
6283
3605
8086
5580
2551
6133
580
23973
23426
16521
4528
9983
13236
10359
22687
21101
12492
18097
20083
5810
11193
3591
11723
4655
7439
6366
9229
14540
11350
17651
4070
9218
8831
21698
9583
13305
7708
2767
13565
11003
11303
7961
19482
5774
20358
7508
14005
4704
8582
3770
22511
13635
19029
21833
503
17681
19951
17622
7974
18445
9402
20757
4196
15375
17134
18555
15911
16440
15196
20275
3680
12345
19312
19185
21632
20387
23345
15658
5455
21367
1581
14773
10225
23154
23744
24193
1644
15782
21463
14092
19065
15432
23654
3134
18086
17202
21397
3237
14050
9330
12601
23430
9005
20120
7728
11127
11990
23207
8935
18400
21136
11023
22514
19292
24290
19951
21730
12618
1900
14103
11954
9994
22646
9543
20943
10313
17335
22992
8351
498
13667
24234
8052
11071
1375
24813
7209
7219
13853
6819
8359
20450
14810
614
18119
10812
20391
15707
12217
18487
19128
15268
16172
18121
15409
15934
11224
13867
2177
13243
12005
24025
13828
8084
4771
22990
8925
6456
2778
3267
9538
330
12498
24853
16373
23644
11200
23239
17813
21927
13572
18671
7317
18705
21204
10772
12564
22188
24555
17817
21895
16299
23246
15113
4996
12530
19443
8946
18879
19214
12538
19055
18613
3739
11115
21702
6627
11540
8314
23292
18342
13199
5048
11475
21167
14356
13922
15342
10203
10529
18106
22603
3415
10267
22957
22296
15247
13685
19700
16109
19291
4960
3383
18636
22091
22003
15572
20005
10991
10668
20045
2677
7399
21253
4618
10590
11278
14124
7493
8617
1267
21367
23102
11525
16076
21724
7116
1970
15461
16900
20495
12707
23810
21428
22002
21055
16946
3784
15562
7735
18221
6597
23841
181
16698
22133
21147
19862
7650
17927
15882
18996
23430
13960
13059
4781
14385
17548
16485
4058
6277
17485
21485
6243
6210
23456
6918
23744
20497
20357
6649
21379
22207
14886
6431
12945
541
4741
4407
17960
616
16896
21139
21557
18099
9737
7932
11692
15805
6068
16132
10624
15287
20949
852
1746
2275
20904
18136
22202
13955
15805
6068
16132
10624
15287
20949
852
1746
2275
20904
18136
22202
13955
2948
23040
9321
5137
14682
21384
22502
24010
23596
9588
11203
11745
19517
6248
20548
18161
20289
17755
7206
13149
918
15269
22709
13742
7366
13127
24737
8069
13670
5358
12455
5781
3140
8631
4103
9188
10508
18488
17302
7960
10347
2977
279
16672
9712
2659
5012
7451
5731
7803
6460
13790
18095
9570
4222
8509
21197
2641
4803
21762
11843
13530
8976
15846
6309
23725
8692
10295
12385
17063
16389
90
3748
21235
15218
13802
14746
10954
16536
20412
4465
9359
8221
502
8748
4832
11396
23410
5094
19927
15263
8607
464
5270
1889
9609
4374
21484
23020
6286
19804
14271
22865
12887
19108
3608
20117
23307
9121
13838
6008
788
14917
13061
17266
16329
7972
12820
9673
93
20478
15878
13878
2966
5955
19532
8792
11965
8639
18701
18026
19754
13623
6415
17072
20331
7215
10591
9083
18706
13971
3887
19063
9968
2555
15903
12843
8216
16890
13398
12851
390
12062
23342
18921
6633
15124
2787
6981
13817
19306
23984
7676
22892
20009
12822
4859
8677
7035
23850
23744
937
4502
17129
14331
16372
2499
16708
2704
22006
5581
22116
10460
266
21870
15317
24369
19277
18051
23284
20117
19099
11543
3314
9087
22173
22924
15135
14815
11989
12308
379
11522
20117
21590
14310
14509
24226
14457
9713
18909
12663
21555
13552
24994
299
19838
18230
21204
17196
22581
20012
11219
1723
1919
602
2374
11257
16462
20338
11487
16955
9224
9566
6315
907
17808
1354
21062
7398
6335
6206
4014
21521
16293
24278
947
4630
6281
23207
8801
7980
3387
5981
3970
13927
9926
12221
22499
18347
6676
23607
488
19046
975
18002
1356
22243
11243
1528
20117
3052
3598
12423
7876
17941
11806
19970
20401
3928
11502
22936
1813
1855
9095
3978
8619
8043
2841
13453
20645
12470
18831
11762
5048
20893
577
17786
5372
11867
10376
23378
19841
19850
24425
18545
16821
12683
8454
2751
11773
24578
5918
6801
19778
14018
16533
20117
13799
11779
2387
22509
11944
12148
19802
19919
12542
1115
15897
2505
6205
18008
21263
10814
17176
17203
17703
23787
17749
14997
9557
20649
20361
14481
14022
6804
21643
1713
7244
9923
20117
7474
5181
19739
12573
2916
2189
13263
11159
635
5481
20139
8072
10925
11098
19581
105
15095
17281
6910
23572
22734
9992
13140
4616
2160
22807
3887
14447
5068
4155
7852
13839
6772
13290
13354
523
14394
9159
24918
18377
21995
21823
23798
10037
24093
7279
15186
15139
21671
2484
9355
3834
19923
21549
14848
11897
20068
6806
13337
23725
19056
11927
86
6179
24831
21857
1958
19470
22132
20443
24167
3392
14752
23817
18650
22482
23092
4000
2775
17835
1698
5565
14778
14247
23953
13766
5657
7838
12560
24849
20117
20261
4033
4211
9427
5233
5152
12612
23780
14103
12906
5911
23326
975
19292
21191
12548
14055
5573
24989
4989
21405
4363
8765
23134
7648
14210
4306
12489
1464
22911
13234
8455
9910
404
9407
929
23726
290
13644
4909
17731
20421
17896
18285
1724
20552
1504
12544
285
18711
6290
9219
5654
12975
10851
13098
775
1219
24011
9555
15849
3842
1474
24245
4193
18234
16476
11996
22935
16275
21064
7904
13838
19971
6337
18276
10627
11904
1558
22861
265
23827
22106
13553
11913
19439
24066
14803
22759
4843
24622
19370
19625
10103
5980
16233
2802
21641
4959
3540
15187
24967
9261
2426
9185
1168
12265
22954
17342
3688
4502
15411
2744
19265
20286
4483
11896
9638
13399
4338
20518
2056
22173
19470
12921
4038
9229
18293
651
16039
4103
21342
3158
13009
16787
17811
2677
22215
18707
22816
10518
22202
14595
18669
15731
3
1672
16613
15893
3938
22721
5703
24247
4151
7827
839
24256
1203
23873
1168
23210
10955
17655
21765
8554
12650
4255
3081
18778
7144
1348
6219
3570
12890
7805
593
13565
3126
20117
23565
12849
13068
19387
21894
21045
10067
14780
24638
3297
20976
2537
15065
23852
23972
20613
5670
14606
8718
9540
11507
12224
12847
16622
1139
24494
22974
20218
16260
22153
5770
23627
9753
13346
17880
16945
610
18847
953
15562
17819
10484
7486
17364
12483
19120
18859
956
4325
10747
94
15191
22178
14797
13332
7946
10650
18138
14717
10496
16996
9661
22305
19037
15125
6341
10754
14011
23455
12409
2889
10966
4153
13126
905
13251
9055
6475
15846
22033
1207
17543
6087
8952
10364
18595
9730
17718
16854
18121
2552
5625
15726
15887
23510
6005
18999
14896
12491
10413
4294
17439
15071
14996
18492
24863
20757
15850
2363
3204
1945
1949
8516
3482
2190
13997
17415
3610
13891
7408
18555
301
20828
21384
14482
4529
16194
14344
14029
21369
8078
17240
18681
5487
23060
21559
7643
2630
2882
8931
2415
13015
22812
23698
18828
20059
17724
15895
23430
19451
6226
15511
8308
5043
446
7827
11309
24960
2781
9659
22038
454
21661
7735
16018
23126
4716
6384
7064
6617
21543
5439
15073
17663
14260
1248
10677
20965
6563
17051
22103
20740
23854
19817
15923
557
13137
15744
6541
24901
1907
20815
14232
3775
12584
1983
21734
917
15033
24104
24370
24631
16456
7381
20285
19921
17107
6762
18494
19013
14324
11442
9411
492
22230
21573
24721
8284
19224
6152
17062
10544
4838
14326
16625
4401
6812
2145
19383
4611
6615
570
2896
20520
4408
10799
22511
20754
22492
2652
14202
1088
20117
22570
21808
18129
1603
8107
14839
3912
6866
15959
4825
15708
24299
12370
19844
12526
16203
17207
24024
7889
10855
19696
10422
13818
19155
12505
24848
4691
2855
1968
24998
15374
2644
1497
11618
2478
18339
5134
20297
17411
20816
24496
2078
9823
13410
12684
13862
16864
8659
4914
7873
17024
16113
22396
19208
3788
842
3472
4444
2948
23040
9321
5137
14682
21384
22502
24010
23596
9588
11203
11745
19517
6248
20548
18161
20289
17755
7206
13149
918
15269
22709
13742
7366
13127
24737
8069
13670
5358
12455
5781
3140
8631
4103
9188
10508
18488
17302
7960
10347
2977
279
16672
9712
2659
5012
7451
5731
7803
6460
13790
18095
9570
4222
8509
21197
2641
4803
21762
11843
13530
8976
15846
6309
23725
8692
10295
12385
17063
16389
90
3748
21235
15218
13802
14746
10954
16536
20412
4465
9359
8221
502
8748
4832
11396
23410
5094
19927
15263
8607
464
5270
1889
9609
4374
21484
23020
6286
19804
14271
22865
12887
19108
3608
20117
23307
9121
13838
6008
788
14917
13061
17266
16329
7972
12820
9673
93
20478
15878
13878
2966
5955
19532
8792
11965
8639
18701
18026
19754
13623
6415
17072
20331
7215
10591
9083
18706
13971
3887
19063
9968
2555
15903
12843
8216
16890
13398
12851
390
12062
23342
18921
6633
15124
2787
6981
13817
19306
23984
7676
22892
20009
12822
4859
8677
7035
23850
23744
937
4502
17129
14331
16372
2499
16708
2704
22006
5581
22116
10460
266
21870
15317
24369
19277
18051
23284
20117
19099
11543
3314
9087
22173
22924
15135
14815
11989
12308
379
11522
20117
21590
14310
14509
24226
14457
9713
18909
12663
21555
13552
24994
299
19838
18230
21204
17196
22581
20012
11219
1723
1919
602
2374
11257
16462
20338
11487
16955
9224
9566
6315
907
17808
1354
21062
7398
6335
6206
4014
21521
16293
24278
947
4630
6281
23207
8801
7980
3387
5981
3970
13927
9926
12221
22499
18347
6676
23607
488
19046
975
18002
1356
22243
11243
1528
20117
3052
3598
12423
7876
17941
11806
19970
20401
3928
11502
22936
1813
1855
9095
3978
8619
8043
2841
13453
20645
12470
18831
11762
5048
20893
577
17786
5372
11867
10376
23378
19841
19850
24425
18545
16821
12683
8454
2751
11773
24578
5918
6801
19778
14018
16533
20117
13799
11779
2387
22509
11944
12148
19802
19919
12542
1115
15897
2505
6205
18008
21263
10814
17176
17203
17703
23787
17749
14997
9557
20649
20361
14481
14022
6804
21643
1713
7244
9923
20117
7474
5181
19739
12573
2916
2189
13263
11159
635
5481
20139
8072
10925
11098
19581
105
15095
17281
6910
23572
22734
9992
13140
4616
2160
22807
3887
14447
5068
4155
7852
13839
6772
13290
13354
523
14394
9159
24918
18377
21995
21823
23798
10037
24093
7279
15186
15139
21671
2484
9355
3834
19923
21549
14848
11897
20068
6806
13337
23725
19056
11927
86
6179
24831
21857
1958
19470
22132
20443
24167
3392
14752
23817
18650
22482
23092
4000
2775
17835
1698
5565
14778
14247
23953
13766
5657
7838
12560
24849
20117
20261
4033
4211
9427
5233
5152
12612
23780
14103
12906
5911
23326
975
19292
21191
12548
14055
5573
24989
4989
21405
4363
8765
23134
7648
14210
4306
12489
1464
22911
13234
8455
9910
404
9407
929
23726
290
13644
4909
17731
20421
17896
18285
1724
20552
1504
12544
285
18711
6290
9219
5654
12975
10851
13098
775
1219
24011
9555
15849
3842
1474
24245
4193
18234
16476
11996
22935
16275
21064
7904
13838
19971
6337
18276
10627
11904
1558
22861
265
23827
22106
13553
11913
19439
24066
14803
22759
4843
24622
19370
19625
10103
5980
16233
2802
21641
4959
3540
15187
24967
9261
2426
9185
1168
12265
22954
17342
3688
4502
15411
2744
19265
20286
4483
11896
9638
13399
4338
20518
2056
22173
19470
12921
4038
9229
18293
651
16039
4103
21342
3158
13009
16787
17811
2677
22215
18707
22816
10518
22202
14595
18669
15731
3
1672
16613
15893
3938
22721
5703
24247
4151
7827
839
24256
1203
23873
1168
23210
10955
17655
21765
8554
12650
4255
3081
18778
7144
1348
6219
3570
12890
7805
593
13565
3126
20117
23565
12849
13068
19387
21894
21045
10067
14780
24638
3297
20976
2537
15065
23852
23972
20613
5670
14606
8718
9540
11507
12224
12847
16622
1139
24494
22974
20218
16260
22153
5770
23627
9753
13346
17880
16945
610
18847
953
15562
17819
10484
7486
17364
12483
19120
18859
956
4325
10747
94
15191
22178
14797
13332
7946
10650
18138
14717
10496
16996
9661
22305
19037
15125
6341
10754
14011
23455
12409
2889
10966
4153
13126
905
13251
9055
6475
15846
22033
1207
17543
6087
8952
10364
18595
9730
17718
16854
18121
2552
5625
15726
15887
23510
6005
18999
14896
12491
10413
4294
17439
15071
14996
18492
24863
20757
15850
2363
3204
1945
1949
8516
3482
2190
13997
17415
3610
13891
7408
18555
301
20828
21384
14482
4529
16194
14344
14029
21369
8078
17240
18681
5487
23060
21559
7643
2630
2882
8931
2415
13015
22812
23698
18828
20059
17724
15895
23430
19451
6226
15511
8308
5043
446
7827
11309
24960
2781
9659
22038
454
21661
7735
16018
23126
4716
6384
7064
6617
21543
5439
15073
17663
14260
1248
10677
20965
6563
17051
22103
20740
23854
19817
15923
557
13137
15744
6541
24901
1907
20815
14232
3775
12584
1983
21734
917
15033
24104
24370
24631
16456
7381
20285
19921
17107
6762
18494
19013
14324
11442
9411
492
22230
21573
24721
8284
19224
6152
17062
10544
4838
14326
16625
4401
6812
2145
19383
4611
6615
570
2896
20520
4408
10799
22511
20754
22492
2652
14202
1088
20117
22570
21808
18129
1603
8107
14839
3912
6866
15959
4825
15708
24299
12370
19844
12526
16203
17207
24024
7889
10855
19696
10422
13818
19155
12505
24848
4691
2855
1968
24998
15374
2644
1497
11618
2478
18339
5134
20297
17411
20816
24496
2078
9823
13410
12684
13862
16864
8659
4914
7873
17024
16113
22396
19208
3788
842
3472
4444
24384
20064
3893
10112
23117
18206
8491
14934
161
11629
23545
1130
8508
2986
23288
10203
19951
17428
7309
6476
21153
21369
7313
864
15338
9267
15996
5053
455
488
3950
14767
336
5760
13869
1041
5509
5798
24261
19146
1591
7544
2630
12533
23331
16477
14439
6018
20364
24170
19863
24745
16331
4261
13970
11016
11927
14407
9542
19900
6044
5067
21984
19714
14116
12641
18598
4774
16843
13021
13546
12685
14326
10117
3393
24387
8421
19788
12217
6645
16030
337
7631
22497
10748
7111
19808
13299
20605
5217
18243
15601
3485
16530
5122
4697
12295
10173
20815
4283
20691
11227
20043
8343
1114
14261
832
19751
8886
24938
1219
2311
19288
21198
22447
17810
13699
22037
23995
24546
10583
20520
18071
12254
1352
2088
11609
13579
7185
2958
18138
17689
4118
780
10426
6239
13455
17802
17888
950
18949
19510
15806
3831
14775
15318
15064
18116
7979
20698
18643
24554
5846
2
9115
7976
19342
4323
6591
13244
13643
7424
6732
14612
939
22781
19767
7072
11592
11189
9353
10091
409
10074
12970
19243
24629
17355
4686
12879
2853
1334
22323
17577
24957
4499
16957
6911
20081
15667
3900
5049
18858
7064
18651
256
9140
739
18590
5268
15559
21463
2868
12307
13922
18033
24500
11716
20219
6319
6164
3239
4629
11761
20719
14516
6117
3356
7457
4033
2061
10233
10470
23575
14767
12629
24220
24954
12772
14636
12263
11731
4000
5201
20551
6339
12042
15120
19025
9060
8240
19283
23834
13404
17579
10627
7108
10482
24226
11194
20215
13408
17485
19790
14424
5699
13170
24752
14062
23658
6759
12814
20117
21095
18565
22857
16508
10604
8094
17271
24199
22397
5440
10297
6587
13652
20459
10176
21649
12256
3406
18000
24141
4700
16971
22566
7794
960
10858
5114
9659
11157
8613
10259
5850
1382
21201
17470
9376
1010
6381
16550
3060
10284
13582
8695
5410
6422
1211
16398
16583
381
19155
10410
16099
21132
12821
4310
17486
11990
6607
21359
7938
23429
5062
663
16750
16426
9536
19242
8403
50
6962
2393
10079
6191
4886
24183
8088
23431
21490
2250
17502
20174
3142
18163
8833
8507
2270
22198
7882
8563
15114
19768
1968
1870
23515
2588
6384
5962
21391
9021
20818
8603
12377
16971
16448
9804
18804
11141
22219
18265
22737
20870
7963
13543
17304
13758
14193
18323
14296
4868
4571
18000
6644
22771
20751
21925
18098
18920
13068
12816
7195
21563
7012
21685
8345
5983
5899
13611
2589
10665
9731
22637
4958
18378
21954
20385
12365
9877
10801
13854
7862
8364
5580
14963
23133
19017
179
24889
8385
18432
4814
9593
9351
6384
3991
16627
10821
8234
10197
10625
19619
12416
1444
18562
8900
16482
17684
3748
13409
20238
19983
944
3803
9428
1744
18356
6027
21136
2791
7168
5839
10048
20658
2895
16738
7321
7537
5648
8613
8952
3436
15230
19850
13889
16341
14638
7841
12855
17827
7938
9665
8960
4993
12369
3986
10332
3662
10549
21536
16758
16520
3742
23126
11614
8575
9815
3410
10361
6807
16635
18362
22331
23007
13751
4785
18889
12638
23099
21566
12566
14819
8616
17466
5882
15558
20705
1534
11562
19436
15800
6517
18110
22024
10390
11604
12081
14014
23156
2812
16845
21467
4846
12543
18319
24813
23700
2630
19662
9395
7479
18152
544
22191
19419
24768
23584
11300
22024
10953
22387
9117
14133
4646
22888
21421
12012
8136
18664
20157
16523
12216
23268
17961
8302
400
12571
16656
7139
22267
23378
5546
22253
14815
17582
16951
754
5302
22966
23032
15091
6325
120
13531
7952
24039
17323
22104
15728
11135
19261
13738
18232
9546
1882
21715
17985
7868
16190
23047
20059
18669
1842
9039
1772
17514
21949
19364
14077
17337
8176
7780
22967
15579
12496
10016
19359
2686
13011
8144
6604
7351
8235
661
7280
10785
20742
11045
24123
13569
4163
14517
1994
17536
1544
16890
2818
19359
21775
20457
110
12405
347
14929
10075
5325
15743
23780
23589
4845
1503
9391
17865
5037
16959
13588
17758
20697
12543
16511
10820
14763
22142
1238
3745
16998
5559
2958
2512
18391
17313
7866
23615
3113
18315
20533
9521
4031
24734
23772
18470
23569
9582
11045
11388
13346
23644
14421
22255
12527
9789
23269
3544
24512
3798
9512
6236
18619
20551
11118
1219
8156
10246
12495
15244
20587
20590
21595
24551
8683
2946
18204
17321
22673
23634
20125
14409
14394
2447
7520
14260
10931
23610
23229
194
16015
18984
16809
13604
11115
6741
20307
21586
10054
11292
2686
11364
2815
13388
15534
2946
23839
10766
7517
15537
9584
17056
6166
22405
1074
11054
40
20574
10520
21468
20831
9159
673
22385
14716
24804
3951
10129
3544
11076
2051
24949
22564
13357
9186
3667
22166
4470
2754
11754
6516
7185
23166
110
22561
13690
16284
14145
6040
1211
4621
24840
30
15464
20853
17251
5759
14623
12478
18472
18974
7772
3701
18420
3143
22051
15779
8941
15627
19770
8711
3601
17745
11967
10907
20989
14213
840
24532
10262
16070
10233
6729
10229
14700
19458
21019
4126
4826
9860
2669
20535
24773
22483
8843
6926
13771
7437
2113
18258
14339
23020
8423
22390
19849
21864
826
21568
4871
17387
8086
51
13145
21138
21370
10827
2657
457
23218
3766
11448
1990
24890
16071
10007
20431
1751
12605
18045
5879
11731
20142
11219
20716
3964
15673
6421
16426
15507
16013
10275
7383
16612
4775
22086
9998
9448
7027
3208
21214
1842
11076
23128
22464
3689
13895
1423
19673
11732
9748
9781
19592
7944
21400
19397
1039
4550
23150
7950
7196
24049
16767
10550
19913
1563
16084
16646
7113
17058
12488
22566
365
1448
21958
10202
18985
17907
14898
7740
22815
7196
5600
283
21060
22897
12309
5142
15405
5536
22090
11516
11277
11943
23967
24768
21437
14215
435
77
3651
5710
6605
23163
6165
17724
3514
2793
20709
9311
10404
3757
16903
8424
8300
10493
5251
11418
13525
17689
14162
8906
10106
16253
11231
2714
18663
11326
6657
23392
641
13381
20250
21178
17979
815
23572
5015
18106
17464
5550
14447
11783
8777
21184
16785
14295
12862
19879
851
4907
5802
9602
19429
6148
9176
5298
23229
17556
1574
24634
1566
6163
13864
20764
22756
3396
9671
1749
24656
18631
5897
701
23365
10432
4896
13473
22370
19325
24506
21346
5859
11401
16045
22815
1960
21043
9477
15026
21053
21876
16636
24189
6536
5451
15087
303
18261
15917
15515
16902
14345
17731
5303
7575
14874
2582
14699
6605
6404
3917
8364
23472
4061
16203
16987
7655
10238
1497
9496
15584
425
1609
24275
16600
3683
10129
11083
5059
18958
18078
15909
3561
24695
9464
22249
16203
5609
14804
24184
6851
17522
2981
12318
2788
4698
12419
23543
16170
2736
15634
5588
13805
17891
21840
13288
16356
21921
21053
7310
19356
9550
23775
11103
19567
24761
15204
21440
16655
16751
1828
9317
8924
22825
12177
4375
14047
16138
21617
11738
5565
24285
11424
21109
9045
17256
8203
16666
18028
20940
10624
15237
15178
18146
6547
24581
19569
1894
8865
11084
14422
15425
6967
24176
20397
1045
9442
4145
3749
22028
2138
14205
1832
3071
24407
12091
22180
3207
4382
21108
5059
21247
4937
21782
20581
23586
11556
8669
16242
11556
22011
19333
10950
23796
11511
12613
10951
4935
4056
14922
21228
611
1854
20682
14530
7362
5899
3978
20932
9965
9495
16169
166
15545
21856
11775
20780
24797
9415
11086
6485
23453
17289
18319
11661
19497
553
12048
12931
16097
11505
22826
10394
21986
1409
1141
5350
5131
20271
537
21393
11786
74
9117
11333
10128
14621
7486
10599
20877
15678
19669
4497
10114
20121
21319
10203
8620
18596
22448
13134
15241
5797
12611
999
22932
13032
20332
22227
24474
17664
1332
4573
16048
12111
6445
11021
21975
18394
10029
17234
3329
6314
5107
13802
14047
18431
15555
9147
13539
10272
2600
21625
13218
6213
21898
12402
13063
13442
8666
19732
24382
455
13776
11620
11278
23124
12435
212
5316
11739
11236
20155
9138
5110
10662
617
22823
5923
14151
529
20305
14555
4845
24665
4417
6473
15470
14660
7689
12725
14556
13484
3021
23411
9405
24606
18796
22198
5831
20024
8603
4410
4534
10970
17697
6461
24774
20753
8186
20985
7467
5960
10119
8185
11432
12958
24891
6108
7129
4843
23729
873
17542
1782
5457
13787
1061
12207
930
6428
23910
15811
16821
16021
19703
13208
18918
22442
4263
11891
20343
2425
498
21512
23707
9230
10157
12759
575
18225
9101
17043
12261
19746
2551
24492
15929
18702
19053
7313
17376
23088
19728
4820
637
4278
1278
16479
18702
1760
8040
3229
12481
6760
15589
4157
17675
540
22169
9218
910
22841
3073
7609
10025
3231
9384
22075
16501
10576
11048
12165
15109
115
12593
14085
404
21312
12587
8289
2582
15349
22777
12110
7558
16715
5354
708
12552
588
4244
17573
5643
2105
7377
18144
11406
23819
9670
10797
17811
19462
6319
1365
11279
16514
24059
8686
13852
22182
20297
15553
13865
20344
7481
15059
7098
2637
20396
6155
19752
18796
7472
1077
6575
14246
1948
9413
4732
4291
15095
13477
8918
271
11116
11889
22423
4393
4897
19751
12571
4335
2841
3092
7397
14235
21439
20525
11253
22343
6980
21429
15951
2545
7451
5335
16336
13378
2459
1330
24195
19819
17981
24299
19276
1199
9318
4208
14912
20486
5394
5017
4283
22235
21517
2767
1536
2616
6724
8178
24285
12994
1791
23860
19883
16411
13451
20071
19593
11381
15787
14054
739
889
19120
16807
2874
13799
11452
20178
16803
16583
15149
22554
16296
23721
17771
10734
10262
5444
21840
7140
20416
19923
2845
3836
22350
14134
24527
20588
16445
16172
20123
14811
8543
5412
21714
14747
22288
12413
14717
6852
24035
13587
3776
6310
2594
18295
7958
3750
24564
19165
7902
5432
7077
4525
9338
23050
8532
22859
24963
15405
17882
2859
23475
3141
973
22594
2198
12818
9691
4114
8375
22903
2843
11579
2809
4877
5074
19087
3057
3127
8564
19445
20157
9343
23935
8068
10475
11891
22255
11067
11299
10627
18896
5218
919
5341
2165
5609
13917
6798
7699
18945
9238
1781
5871
11783
7237
12718
20373
14673
6117
16124
1190
846
5065
22123
9338
6624
14922
11115
22736
17457
18357
7023
12234
24554
13322
1653
18323
7916
9335
17239
14933
20746
258
12130
3915
21498
19687
10516
4057
18299
24488
17986
5803
16532
20660
17586
1691
1117
14044
19225
2194
6001
4207
16818
381
16708
17652
12317
12646
20815
20057
20595
18530
11858
14589
21055
18024
16235
10034
1880
21600
5664
5295
21115
23168
12004
19919
4463
22336
20116
24860
540
19524
9098
11266
2101
1685
24067
6426
16724
9158
8098
19389
4954
4196
14557
2012
6599
183
482
7852
2626
19415
24603
10531
15496
21343
6566
23871
7704
18811
22311
8568
7560
8804
9783
1538
3060
6385
6900
13615
24519
11050
19113
14474
12750
10286
11547
20791
24222
4665
17393
4779
7271
17965
17085
15873
10272
13776
10454
14141
15001
10159
8820
7871
19721
16855
8889
1446
146
13409
11310
3453
2780
22352
20877
6647
12157
13093
20362
9703
21495
15286
20807
14039
15435
1194
12263
18194
4721
19796
20385
19844
19805
11350
17980
11581
5507
1104
15308
9331
5172
12021
10655
12099
17272
8574
7510
21262
11139
24369
524
19837
3808
17877
17708
10649
11668
17448
20573
12020
13727
17180
14167
7447
7563
18144
11070
21194
15821
482
6981
13546
3004
7582
20058
1480
17010
17221
16267
22811
11735
7451
24868
6235
16571
18218
24151
2909
9189
12193
23926
6567
7082
24544
23485
11063
15266
4749
2339
7313
16535
22037
13592
18317
204
193
9813
17256
21469
23031
3729
14127
16181
13201
19351
1280
24108
18750
5809
24039
23974
5537
24105
16895
6391
593
11201
22973
19302
12609
17451
6791
10324
6792
1621
22152
1605
4616
18617
23373
5598
17267
8838
13181
13376
24268
3659
23636
18580
19914
11719
10443
14130
20632
16564
9978
11161
10795
23632
16844
15435
9163
19887
21317
20107
24450
22891
3472
651
7939
5504
6477
16209
24117
421
16605
15239
11739
18292
2696
11878
7154
18660
3160
4715
1168
1145
13877
7758
3022
9899
11676
17815
14728
4926
12882
16938
7858
7174
11752
19736
376
1229
10933
6815
585
7343
11926
18995
18225
23034
15141
14366
23085
239
19332
9554
6936
13134
24614
554
15711
20339
16987
18830
20863
5508
7987
23019
9690
21170
5594
12177
3371
9098
10027
19210
14123
36
22541
11020
16126
10381
15964
18052
6475
9310
17956
8802
200
982
14544
9956
12531
11621
15168
3564
8378
13871
6524
1682
22841
12268
9850
20333
19
239
10840
5841
14964
23596
6119
13025
8664
21658
14611
5887
2243
10629
10605
7747
8454
20382
540
17771
8975
17389
4409
6633
2809
5922
23587
6375
3385
17604
16646
7254
14211
17445
22176
9196
5543
6166
1286
12305
17993
19723
14075
18810
9946
40
15550
1550
12741
7633
23339
16327
23458
19543
20543
20769
23144
6576
1985
6769
2514
13462
1254
24579
8982
1318
4396
18408
5498
13513
8205
7802
10174
2962
7488
15950
13005
23661
10862
15447
7260
15268
612
8431
17269
13997
7864
9352
24564
17128
3465
8405
2493
16185
12853
9784
12167
16873
6135
1973
2344
11575
11761
17518
2491
22530
3922
14069
10688
24774
19233
2049
16068
15272
11310
21960
3702
1207
21522
5284
7768
4261
11064
10880
18811
6745
4683
13488
24286
19466
24784
4508
9082
15298
11374
15237
10306
19763
1391
16995
14715
19628
10451
8934
21744
19874
6495
19770
21633
9746
11749
15990
19744
9484
6276
1568
1720
24071
17014
6552
15793
17147
12692
15612
2743
13078
24734
122
1003
22418
16365
21921
8293
24253
13228
8441
24539
9975
10373
4303
13840
12568
11838
15901
8669
9598
24410
10618
21470
8097
21415
11292
20178
12382
22842
24909
10029
10739
16605
10348
1996
4810
24313
11841
3088
21087
4397
171
16540
5105
4599
21060
11247
13882
13601
12678
20213
12563
2048
22638
12675
11173
4104
18583
8914
16067
12712
11106
2483
24148
16196
15366
24435
10535
15419
18459
13850
15423
8948
24765
11179
9610
2186
7809
1974
5578
20485
12620
23932
21007
16577
3640
24894
7184
10647
22565
7931
7978
2889
4939
1816
2171
11280
19134
205
6310
20519
23184
23675
7351
7099
7363
9294
7754
13690
22480
327
17151
19468
14446
11877
14108
5054
23163
2237
9388
13476
20679
16294
9908
22012
20542
6783
8802
4863
24971
17523
15069
23255
18058
2744
24957
2409
17398
7255
4671
10827
16979
21702
9851
7067
4073
1367
11610
15795
3282
9134
23827
21051
20320
5795
20792
23317
3226
8319
315
8393
18482
9342
804
24275
4656
5539
20650
16861
23928
4584
9701
13006
2821
7618
24268
23828
7789
10670
20347
4319
23879
1673
15227
10957
16764
19448
24391
1670
21432
19917
20405
10559
7637
16210
822
9435
23978
18022
20559
10779
21140
17089
3203
2124
12781
24967
24124
23318
10781
14075
796
4046
4283
2434
3874
17398
14873
24655
23933
20964
18842
16843
7657
24101
5231
19442
17064
13198
21015
8433
16969
12637
24914
16566
20055
1210
22782
13605
22136
4919
17280
1584
20004
16913
3127
9640
1876
18544
21402
11526
5550
20938
4713
16639
18029
14344
4601
16086
13480
484
7533
4243
1564
22589
6483
1169
7869
18194
9015
8802
19719
22334
21482
16104
9720
3570
17526
11676
14301
5605
10931
2884
6733
5987
1021
4602
17430
16971
10176
8776
2676
20478
23259
24772
24737
22370
1325
847
7123
10851
17225
6201
12336
23837
16269
12817
23478
17100
4533
13753
7247
16133
4268
12556
9212
977
7399
7175
18717
12342
16108
14771
24507
11357
10638
21453
18493
13992
3000
1499
14838
12312
15462
108
21661
13994
13607
13536
23732
10852
20160
12022
17416
17482
838
4905
13425
10234
6004
21368
4175
16516
18412
23075
17664
2746
12675
20802
6739
15767
1894
5173
8
5593
7965
23536
4940
2436
23567
8732
1557
2282
23893
15125
4922
20544
17354
9305
22044
1706
24037
5486
5940
16811
22759
24481
19863
8663
15006
5322
23076
2984
13472
12579
16514
20692
20296
7082
7705
21978
17387
4462
6751
16039
6825
22733
19523
14352
18961
24418
9263
13820
4446
13358
8072
11852
19449
17448
15360
13748
4911
4818
18322
13566
13015
18003
11699
4705
24482
14738
16388
2907
5748
5040
4824
18700
7838
22938
21860
14518
10258
16828
21727
21321
19304
5525
21832
20825
11815
22067
2235
23912
22355
7820
21865
16655
11870
15100
17131
12758
15563
13281
12083
18176
22293
24753
1593
16490
20207
19571
18128
11245
20032
2359
6357
22665
24337
18410
6057
10027
17258
13079
9540
15585
3728
19734
17250
9000
6088
302
724
20313
22337
3738
617
7740
8292
24768
4155
20716
3697
5376
19109
85
12898
14379
3918
11487
7826
21707
24165
24960
16360
24538
521
22476
14385
8926
11242
23735
6454
19462
14660
594
3386
14913
18344
16324
12164
19685
9290
13257
2887
14583
7920
6346
4035
14189
24560
15845
21760
18004
2024
18915
18742
8060
22246
2318
5966
2270
5461
430
22691
19492
8386
2258
8908
6225
13081
10574
2908
14038
14973
16807
6564
15236
23291
3631
6243
3042
8224
1754
14541
7343
11347
14929
11063
20027
8550
17896
4339
13622
11918
18465
10711
11248
9891
23447
6749
6844
16487
11149
8150
11713
11221
13137
2220
21432
8650
19494
5909
4073
2162
18083
22106
23917
417
683
1620
17081
15989
15768
23771
2990
4736
23145
9565
13995
17696
30
13279
23705
21314
6933
4616
10443
3929
9894
19550
20883
10403
11814
18357
21524
19178
17536
9711
5585
20436
16792
21561
15866
9521
20904
7677
16557
13641
7410
23604
2359
6837
13859
15324
20602
14289
10540
5770
1293
5226
3367
22018
8501
807
3322
16550
14257
20662
5333
16604
7054
21298
8784
16829
9856
21224
11383
679
18177
16929
8322
6565
11173
1693
2415
10697
21676
17672
2457
18003
12556
17865
3007
4428
17685
5422
10013
7490
7813
15884
19346
13759
13175
14854
13764
6585
21315
21413
749
14254
1618
3078
11943
24493
17339
19752
13543
22913
11516
23764
22856
16129
11214
2059
19775
13656
10670
18815
4533
16657
18972
8645
8955
12925
4545
23889
22960
22822
18350
7288
6723
19804
11345
14010
16296
17398
16831
807
20171
18307
2828
16373
14040
12629
19747
11399
740
11801
17351
5664
20517
6481
6817
15436
9606
12435
2765
22716
6930
19992
18102
8277
7177
6683
23521
19099
1171
14517
19072
5002
24525
18298
2124
11491
410
10204
13871
14892
111
22752
1120
14027
16733
11801
8327
1798
14562
17142
14237
14446
15181
10819
21065
19177
10624
11297
5278
24992
17652
10582
12057
12324
6761
14651
5213
469
23266
4923
12793
23594
19145
18053
11751
12742
2505
22312
17477
22943
7280
8925
13494
17737
15640
22352
12328
19255
21457
21971
13899
15106
21902
14041
8808
19767
14002
19531
22684
10584
10989
10445
1400
16454
17196
5359
22589
10613
10142
15452
4494
11390
22411
24817
8855
9374
14116
1605
13210
24236
3916
19634
708
1122
4970
5770
16879
11592
16418
1425
795
12840
3592
454
10957
23652
15619
19593
8969
19388
6720
23637
16180
6711
23929
22792
6116
12550
10694
4449
24043
10661
3161
33
12438
15439
4944
16229
10846
7947
16331
19039
13292
2679
24444
4453
20672
3936
20147
24040
24027
6160
4897
2381
1155
10832
2278
21696
15212
3088
9869
5746
10947
21648
24031
12533
7427
7361
9744
24880
7349
6182
23718
18937
2401
1364
366
24908
17898
9986
14143
9257
18468
22325
23394
8526
23040
6986
11675
20250
20712
10896
10829
12774
8093
24340
16065
1401
15809
13776
10279
7756
6487
11254
14082
15734
2940
15132
11963
2058
1458
6177
544
5132
4816
23881
12758
24797
5153
14837
15213
694
8275
388
24956
18052
21960
6023
18254
15500
24502
19575
11955
5898
5512
2583
18593
6769
18947
11280
10001
1031
5722
607
13534
21221
24734
15326
3297
15759
11319
2200
20886
22513
17087
2807
3504
20266
1993
12852
2566
12736
15441
129
671
19909
9009
16240
14655
16440
15232
21739
9030
9625
10120
24844
24103
24576
24352
3897
24591
11094
7948
7446
24738
19714
8127
7978
2595
3813
10031
20809
1367
1855
17701
7579
20792
607
23409
6874
3845
4473
5523
4432
12502
5081
17905
12717
1801
19599
4122
10837
23447
24431
17851
11413
15945
2180
753
21750
4875
5081
17905
12717
1801
19599
4122
10837
23447
24431
17851
11413
15945
2180
753
21750
4875
21397
4428
23922
3347
11025
5373
5036
22860
5004
10064
2120
22954
10294
24398
2181
3816
10731
11121
9963
11119
9045
14518
5943
21600
1508
3110
2279
1019
11500
2342
1860
24768
12980
8469
19050
23334
5411
15236
3807
275
22123
8633
20348
10231
15547
9218
19497
8536
10197
1875
17474
6741
94
565
23092
4333
8317
23033
12811
16659
8774
15364
21187
4247
16246
7021
5422
19167
12382
10731
19000
19312
14880
2744
9397
20931
11598
24966
7064
15660
7927
15116
8302
19621
23386
7608
18300
19893
3590
11842
3086
11411
24417
12514
8516
21284
8392
6328
19784
5329
16870
7649
16984
8029
14961
748
12469
21171
3641
15932
5959
5632
8501
20285
7923
22967
13650
15486
17372
3572
6314
8577
3709
10856
2610
581
1995
23945
10898
1672
7377
4778
14139
31
24906
23643
20440
24743
725
6434
18008
7530
19714
10597
10257
24214
2303
15008
6199
8159
13734
9196
8578
13469
13862
12045
3957
10569
11220
15088
9011
8865
5051
10139
22810
16955
22893
7351
19907
19282
8236
8228
20666
5675
7404
4850
18212
20555
15983
14018
3066
11385
22213
948
18828
2753
22257
19865
9867
18220
18385
7135
17479
6400
19670
24392
12742
6879
10970
5720
10447
10136
24648
15045
21666
16706
8101
21345
12020
16448
19003
3408
3287
24925
3502
16722
2625
13067
21135
2027
20005
2211
8289
5068
14719
18978
9090
15360
22987
14799
20527
12376
12516
13890
1726
6918
20271
18108
18058
24294
21344
9857
7342
2738
3928
12781
14736
14853
15445
18639
10112
1041
13217
3373
5906
15126
20475
11293
6464
22836
6829
21355
13675
22768
7425
4772
20603
10147
18147
13052
16240
24819
24240
7223
15738
354
13221
706
21028
22218
18690
11245
2722
18059
19279
23715
23249
16669
6336
14777
17472
17728
14361
14053
9054
18384
2382
14920
6786
24387
4405
12868
7280
6644
7139
2599
1201
16189
17627
19204
752
8093
15359
12663
13918
13648
2081
15771
11423
17578
2225
23259
6302
9129
22327
13940
4787
10728
4429
21391
17768
2491
23527
5467
8555
16110
13104
11091
7637
10332
2848
12003
24188
23839
8806
14790
7598
22943
6091
11842
721
8793
21669
23566
780
9173
1455
15335
22909
645
19155
12952
10401
9840
8847
22027
10053
418
4630
24217
3375
3961
15069
14618
8188
1678
15167
20592
19248
681
12225
2480
1781
5932
20926
19569
1955
8462
13597
9782
4235
17251
21098
22915
20386
23064
14039
9736
24241
5374
1375
6011
10522
9180
6835
11451
4961
19048
15573
17051
3363
1686
7454
20974
11537
17654
8051
14418
24474
14043
12927
23590
4707
11986
20998
14846
573
12716
22508
6672
14485
24585
20465
3605
11274
11589
10062
2850
3779
12641
9688
12322
14364
24964
7245
427
16327
16253
17886
20417
14726
8292
17715
3709
7889
129
19979
16912
13402
7404
10726
18958
1809
11458
13874
2331
17201
15341
15443
11299
3002
18216
5687
3721
15758
9060
444
24897
7207
5927
24966
14858
21154
20532
17686
8060
18203
4
21722
14400
24852
12407
21850
6426
4743
9499
2794
6994
198
24101
14792
20928
18133
8075
13268
22811
5955
7812
18342
7983
10643
14973
11618
10077
13361
2565
15536
7436
2867
9008
19067
20338
18557
16556
20206
7893
523
24450
24440
1722
15878
15918
1936
3767
14732
21339
12431
12924
2216
24951
3212
11921
3129
4177
16065
9494
12408
19688
16783
20573
2258
5474
18436
15765
1980
7571
11175
3818
10776
24125
13772
3157
23369
9052
24624
5663
573
17462
7720
3692
7723
24656
5628
17316
2669
13921
20123
21365
3531
10290
20658
7539
19931
21373
2810
3749
2657
15111
9474
6895
8895
7510
7126
17153
4660
11715
6362
8189
14369
17747
21673
20614
5762
10127
13999
13422
12861
22020
890
2386
20294
4027
14689
5343
10462
11202
3957
13528
24281
8541
16026
5881
2584
22830
5542
18773
2761
10648
1966
13352
10592
13435
16931
17703
14413
4914
569
4891
21425
24988
19678
12246
23046
5534
15098
24611
6244
6581
22819
16809
16806
13156
19503
21460
40
3232
8202
14205
17409
23383
23438
20224
22341
5148
24021
22942
17505
17672
17842
12716
2689
13330
19691
20935
21497
16028
18809
24782
15479
2377
13594
14396
10785
19338
15573
24148
6201
9568
18946
5780
17442
7278
19216
21457
14045
20428
19088
3173
15337
9036
12495
10381
6426
6264
4125
15817
23864
24591
11966
9213
15304
15257
14141
20011
9121
4654
2932
11947
3425
22032
11884
1947
3992
14920
10082
7305
3874
19851
11163
8902
17908
20220
10462
18783
3959
8612
17618
4266
9557
23667
20701
21452
20622
21162
22719
885
16577
1994
3590
19419
20001
19423
11139
16887
24823
10467
7066
10468
12548
11544
22995
9748
5738
23732
14929
227
6740
110
2457
13532
10662
23073
19912
14833
10119
24776
22823
1283
1447
24505
7968
18535
7014
19458
81
12476
1683
10423
20668
2573
11657
19439
15343
18867
14414
7521
5081
17905
12717
1801
19599
4122
10837
23447
24431
17851
11413
15945
2180
753
21750
4875
21397
4428
23922
3347
11025
5373
5036
22860
5004
10064
2120
22954
10294
24398
2181
3816
10731
11121
9963
11119
9045
14518
5943
21600
1508
3110
2279
1019
11500
2342
1860
24768
12980
8469
19050
23334
5411
15236
3807
275
22123
8633
20348
10231
15547
9218
19497
8536
10197
1875
17474
6741
94
565
23092
4333
8317
23033
12811
16659
8774
15364
21187
4247
16246
7021
5422
19167
12382
10731
19000
19312
14880
2744
9397
20931
11598
24966
7064
15660
7927
15116
8302
19621
23386
7608
18300
19893
3590
11842
3086
11411
24417
12514
8516
21284
8392
6328
19784
5329
16870
7649
16984
8029
14961
748
12469
21171
3641
15932
5959
5632
8501
20285
7923
22967
13650
15486
17372
3572
6314
8577
3709
10856
2610
581
1995
23945
10898
1672
7377
4778
14139
31
24906
23643
20440
24743
725
6434
18008
7530
19714
10597
10257
24214
2303
15008
6199
8159
13734
9196
8578
13469
13862
12045
3957
10569
11220
15088
9011
8865
5051
10139
22810
16955
22893
7351
19907
19282
8236
8228
20666
5675
7404
4850
18212
20555
15983
14018
3066
11385
22213
948
18828
2753
22257
19865
9867
18220
18385
7135
17479
6400
19670
24392
12742
6879
10970
5720
10447
10136
24648
15045
21666
16706
8101
21345
12020
16448
19003
3408
3287
24925
3502
16722
2625
13067
21135
2027
20005
2211
8289
5068
14719
18978
9090
15360
22987
14799
20527
12376
12516
13890
1726
6918
20271
18108
18058
24294
21344
9857
7342
2738
3928
12781
14736
14853
15445
18639
10112
1041
13217
3373
5906
15126
20475
11293
6464
22836
6829
21355
13675
22768
7425
4772
20603
10147
18147
13052
16240
24819
24240
7223
15738
354
13221
706
21028
22218
18690
11245
2722
18059
19279
23715
23249
16669
6336
14777
17472
17728
14361
14053
9054
18384
2382
14920
6786
24387
4405
12868
7280
6644
7139
2599
1201
16189
17627
19204
752
8093
15359
12663
13918
13648
2081
15771
11423
17578
2225
23259
6302
9129
22327
13940
4787
10728
4429
21391
17768
2491
23527
5467
8555
16110
13104
11091
7637
10332
2848
12003
24188
23839
8806
14790
7598
22943
6091
11842
721
8793
21669
23566
780
9173
1455
15335
22909
645
19155
12952
10401
9840
8847
22027
10053
418
4630
24217
3375
3961
15069
14618
8188
1678
15167
20592
19248
681
12225
2480
1781
5932
20926
19569
1955
8462
13597
9782
4235
17251
21098
22915
20386
23064
14039
9736
24241
5374
1375
6011
10522
9180
6835
11451
4961
19048
15573
17051
3363
1686
7454
20974
11537
17654
8051
14418
24474
14043
12927
23590
4707
11986
20998
14846
573
12716
22508
6672
14485
24585
20465
3605
11274
11589
10062
2850
3779
12641
9688
12322
14364
24964
7245
427
16327
16253
17886
20417
14726
8292
17715
3709
7889
129
19979
16912
13402
7404
10726
18958
1809
11458
13874
2331
17201
15341
15443
11299
3002
18216
5687
3721
15758
9060
444
24897
7207
5927
24966
14858
21154
20532
17686
8060
18203
4
21722
14400
24852
12407
21850
6426
4743
9499
2794
6994
198
24101
14792
20928
18133
8075
13268
22811
5955
7812
18342
7983
10643
14973
11618
10077
13361
2565
15536
7436
2867
9008
19067
20338
18557
16556
20206
7893
523
24450
24440
1722
15878
15918
1936
3767
14732
21339
12431
12924
2216
24951
3212
11921
3129
4177
16065
9494
12408
19688
16783
20573
2258
5474
18436
15765
1980
7571
11175
3818
10776
24125
13772
3157
23369
9052
24624
5663
573
17462
7720
3692
7723
24656
5628
17316
2669
13921
20123
21365
3531
10290
20658
7539
19931
21373
2810
3749
2657
15111
9474
6895
8895
7510
7126
17153
4660
11715
6362
8189
14369
17747
21673
20614
5762
10127
13999
13422
12861
22020
890
2386
20294
4027
14689
5343
10462
11202
3957
13528
24281
8541
16026
5881
2584
22830
5542
18773
2761
10648
1966
13352
10592
13435
16931
17703
14413
4914
569
4891
21425
24988
19678
12246
23046
5534
15098
24611
6244
6581
22819
16809
16806
13156
19503
21460
40
3232
8202
14205
17409
23383
23438
20224
22341
5148
24021
22942
17505
17672
17842
12716
2689
13330
19691
20935
21497
16028
18809
24782
15479
2377
13594
14396
10785
19338
15573
24148
6201
9568
18946
5780
17442
7278
19216
21457
14045
20428
19088
3173
15337
9036
12495
10381
6426
6264
4125
15817
23864
24591
11966
9213
15304
15257
14141
20011
9121
4654
2932
11947
3425
22032
11884
1947
3992
14920
10082
7305
3874
19851
11163
8902
17908
20220
10462
18783
3959
8612
17618
4266
9557
23667
20701
21452
20622
21162
22719
885
16577
1994
3590
19419
20001
19423
11139
16887
24823
10467
7066
10468
12548
11544
22995
9748
5738
23732
14929
227
6740
110
2457
13532
10662
23073
19912
14833
10119
24776
22823
1283
1447
24505
7968
18535
7014
19458
81
12476
1683
10423
20668
2573
11657
19439
15343
18867
14414
7521
21397
4428
23922
3347
11025
5373
5036
22860
5004
10064
2120
22954
10294
24398
2181
3816
10731
11121
9963
11119
9045
14518
5943
21600
1508
3110
2279
1019
11500
2342
1860
24768
12980
8469
19050
23334
5411
15236
3807
275
22123
8633
20348
10231
15547
9218
19497
8536
10197
1875
17474
6741
94
565
23092
4333
8317
23033
12811
16659
8774
15364
21187
4247
16246
7021
5422
19167
12382
10731
19000
19312
14880
2744
9397
20931
11598
24966
7064
15660
7927
15116
8302
19621
23386
7608
18300
19893
3590
11842
3086
11411
24417
12514
8516
21284
8392
6328
19784
5329
16870
7649
16984
8029
14961
748
12469
21171
3641
15932
5959
5632
8501
20285
7923
22967
13650
15486
17372
3572
6314
8577
3709
10856
2610
581
1995
23945
10898
1672
7377
4778
14139
31
24906
23643
20440
24743
725
6434
18008
7530
19714
10597
10257
24214
2303
15008
6199
8159
13734
9196
8578
13469
13862
12045
3957
10569
11220
15088
9011
8865
5051
10139
22810
16955
22893
7351
19907
19282
8236
8228
20666
5675
7404
4850
18212
20555
15983
14018
3066
11385
22213
948
18828
2753
22257
19865
9867
18220
18385
7135
17479
6400
19670
24392
12742
6879
10970
5720
10447
10136
24648
15045
21666
16706
8101
21345
12020
16448
19003
3408
3287
24925
3502
16722
2625
13067
21135
2027
20005
2211
8289
5068
14719
18978
9090
15360
22987
14799
20527
12376
12516
13890
1726
6918
20271
18108
18058
24294
21344
9857
7342
2738
3928
12781
14736
14853
15445
18639
10112
1041
13217
3373
5906
15126
20475
11293
6464
22836
6829
21355
13675
22768
7425
4772
20603
10147
18147
13052
16240
24819
24240
7223
15738
354
13221
706
21028
22218
18690
11245
2722
18059
19279
23715
23249
16669
6336
14777
17472
17728
14361
14053
9054
18384
2382
14920
6786
24387
4405
12868
7280
6644
7139
2599
1201
16189
17627
19204
752
8093
15359
12663
13918
13648
2081
15771
11423
17578
2225
23259
6302
9129
22327
13940
4787
10728
4429
21391
17768
2491
23527
5467
8555
16110
13104
11091
7637
10332
2848
12003
24188
23839
8806
14790
7598
22943
6091
11842
721
8793
21669
23566
780
9173
1455
15335
22909
645
19155
12952
10401
9840
8847
22027
10053
418
4630
24217
3375
3961
15069
14618
8188
1678
15167
20592
19248
681
12225
2480
1781
5932
20926
19569
1955
8462
13597
9782
4235
17251
21098
22915
20386
23064
14039
9736
24241
5374
1375
6011
10522
9180
6835
11451
4961
19048
15573
17051
3363
1686
7454
20974
11537
17654
8051
14418
24474
14043
12927
23590
4707
11986
20998
14846
573
12716
22508
6672
14485
24585
20465
3605
11274
11589
10062
2850
3779
12641
9688
12322
14364
24964
7245
427
16327
16253
17886
20417
14726
8292
17715
3709
7889
129
19979
16912
13402
7404
10726
18958
1809
11458
13874
2331
17201
15341
15443
11299
3002
18216
5687
3721
15758
9060
444
24897
7207
5927
24966
14858
21154
20532
17686
8060
18203
4
21722
14400
24852
12407
21850
6426
4743
9499
2794
6994
198
24101
14792
20928
18133
8075
13268
22811
5955
7812
18342
7983
10643
14973
11618
10077
13361
2565
15536
7436
2867
9008
19067
20338
18557
16556
20206
7893
523
24450
24440
1722
15878
15918
1936
3767
14732
21339
12431
12924
2216
24951
3212
11921
3129
4177
16065
9494
12408
19688
16783
20573
2258
5474
18436
15765
1980
7571
11175
3818
10776
24125
13772
3157
23369
9052
24624
5663
573
17462
7720
3692
7723
24656
5628
17316
2669
13921
20123
21365
3531
10290
20658
7539
19931
21373
2810
3749
2657
15111
9474
6895